0 23 75 63 33 16 22 66 93 79 10 60 35 60
76 0 94 94 15 85 5 64 8 55 23 86 74 26
40 9 0 41 97 71 28 66 90 29 83 50 68 17
89 35 62 0 96 31 65 25 36 1 3 45 51 44
24 33 89 58 0 46 4 49 5 15 37 71 40 62
44 69 30 57 68 0 53 80 66 10 33 11 32 62
67 61 26 55 56 31 0 14 70 71 41 90 22 48
61 89 40 54 39 68 58 0 79 26 71 36 22 36
28 38 56 48 26 70 90 70 0 80 94 20 32 11
35 43 45 90 44 22 62 94 50 0 29 15 95 61
57 18 30 16 55 99 89 22 60 19 0 11 94 1
22 97 87 63 53 36 62 47 86 91 62 0 97 1
46 79 15 50 69 87 64 83 19 49 75 87 0 36
71 43 85 39 40 93 87 39 83 51 49 62 24 0